  0.0000000e+000  1.3009256e+001  1.6611748e+001  2.0214240e+001
  2.0000000e+000  1.3107428e+001  1.6547530e+001  1.9987633e+001
  4.0000000e+000  1.3118941e+001  1.6411900e+001  1.9704859e+001
  6.0000000e+000  1.3093866e+001  1.6348882e+001  1.9603899e+001
  8.0000000e+000  1.2788277e+001  1.6264595e+001  1.9740913e+001
  1.0000000e+001  1.2632294e+001  1.6353196e+001  2.0074097e+001
  1.2000000e+001  1.2581504e+001  1.6431414e+001  2.0281324e+001
  1.4000000e+001  1.2578888e+001  1.6419244e+001  2.0259600e+001
  1.6000000e+001  1.2538915e+001  1.6402287e+001  2.0265660e+001
  1.8000000e+001  1.2540419e+001  1.6418458e+001  2.0296497e+001
  2.0000000e+001  1.2324030e+001  1.6309976e+001  2.0295922e+001
  2.2000000e+001  1.2176162e+001  1.6263831e+001  2.0351500e+001
  2.4000000e+001  1.2111293e+001  1.6311570e+001  2.0511848e+001
  2.6000000e+001  1.2030836e+001  1.6370929e+001  2.0711022e+001
  2.8000000e+001  1.2143657e+001  1.6463399e+001  2.0783141e+001
  3.0000000e+001  1.2405188e+001  1.6599926e+001  2.0794663e+001
  3.2000000e+001  1.2757452e+001  1.6759123e+001  2.0760793e+001
  3.4000000e+001  1.3059839e+001  1.6833206e+001  2.0606573e+001
  3.6000000e+001  1.3277065e+001  1.6901378e+001  2.0525691e+001
  3.8000000e+001  1.3338753e+001  1.6886743e+001  2.0434733e+001
  4.0000000e+001  1.3316758e+001  1.6914626e+001  2.0512495e+001
  4.2000000e+001  1.3457028e+001  1.6998811e+001  2.0540594e+001
  4.4000000e+001  1.3671422e+001  1.7322393e+001  2.0973363e+001
  4.6000000e+001  1.3966509e+001  1.7701712e+001  2.1436915e+001
  4.8000000e+001  1.4694295e+001  1.8477258e+001  2.2260222e+001
  5.0000000e+001  1.5611311e+001  1.9231469e+001  2.2851627e+001
  5.2000000e+001  1.6547988e+001  2.0046611e+001  2.3545234e+001
  5.4000000e+001  1.6964123e+001  2.0394727e+001  2.3825331e+001
  5.6000000e+001  1.6859402e+001  2.0126806e+001  2.3394210e+001
  5.8000000e+001  1.5997834e+001  1.9217318e+001  2.2436802e+001
  6.0000000e+001  1.4414428e+001  1.7994632e+001  2.1574837e+001
  6.2000000e+001  1.3788098e+001  1.7232371e+001  2.0676644e+001
  6.4000000e+001  1.3376561e+001  1.6719949e+001  2.0063337e+001
  6.6000000e+001  1.3259915e+001  1.6639689e+001  2.0019464e+001
  6.8000000e+001  1.3472140e+001  1.6723379e+001  1.9974619e+001
  7.0000000e+001  1.3763543e+001  1.6924796e+001  2.0086049e+001
  7.2000000e+001  1.3733513e+001  1.6995888e+001  2.0258263e+001
  7.4000000e+001  1.3518980e+001  1.6966864e+001  2.0414749e+001
  7.6000000e+001  1.3528388e+001  1.7026159e+001  2.0523930e+001
  7.8000000e+001  1.3614923e+001  1.7068716e+001  2.0522509e+001
  8.0000000e+001  1.3802967e+001  1.7204284e+001  2.0605601e+001
  8.2000000e+001  1.3987870e+001  1.7314160e+001  2.0640450e+001
  8.4000000e+001  1.3808901e+001  1.7117405e+001  2.0425909e+001
  8.6000000e+001  1.3143301e+001  1.6629968e+001  2.0116635e+001
  8.8000000e+001  1.2513635e+001  1.6121591e+001  1.9729548e+001
  9.0000000e+001  1.2025533e+001  1.5732385e+001  1.9439237e+001
  9.2000000e+001  1.1774270e+001  1.5428675e+001  1.9083080e+001
  9.4000000e+001  1.1607859e+001  1.5387811e+001  1.9167764e+001
  9.6000000e+001  1.2241097e+001  1.5708996e+001  1.9176896e+001
  9.8000000e+001  1.2487082e+001  1.5936669e+001  1.9386257e+001
  1.0000000e+002  1.2518505e+001  1.6088052e+001  1.9657599e+001
