0	-9.7	-2.6	4.5	-8.1	-2.5	3.0	-7.7	-2.1	3.5	-10.4	-3.2	3.9	-10.6	-3.1	4.4
2	-10.8	-4.3	2.1	-9.7	-4.4	0.8	-9.1	-3.9	1.3	-11.4	-4.9	1.6	-11.4	-4.7	1.9
4	-11.6	-5.6	0.3	-11.2	-6.3	-1.5	-10.3	-5.6	-0.8	-11.7	-6.2	-0.6	-11.4	-5.9	-0.4
6	-11.3	-5.7	-0.1	-10.9	-6.5	-2.1	-9.9	-5.6	-1.3	-10.6	-5.9	-1.2	-10.3	-5.7	-1.1
8	-10.2	-5.0	0.2	-9.6	-5.5	-1.3	-8.2	-4.1	-0.1	-8.5	-4.2	0.2	-8.4	-4.1	0.2
10	-9.0	-4.0	0.9	-8.1	-4.0	0.1	-6.1	-2.1	1.9	-6.2	-1.9	2.5	-6.3	-1.8	2.6
12	-7.8	-2.9	1.9	-6.7	-2.5	1.7	-4.2	-0.2	3.8	-4.1	0.4	4.9	-4.1	0.5	5.1
14	-6.5	-1.7	3.0	-5.4	-1.1	3.2	-2.5	1.5	5.5	-2.3	2.3	6.9	-2.3	2.4	7.2
16	-5.3	-0.6	4.2	-4.1	0.2	4.6	-1.0	2.9	6.9	-0.9	3.8	8.5	-0.9	4.0	8.9
18	-4.2	0.6	5.3	-3.0	1.4	5.8	0.2	4.1	8.0	0.2	5.0	9.8	0.2	5.3	10.3
20	-3.1	1.6	6.3	-1.9	2.5	7.0	1.4	5.2	9.0	1.0	5.9	10.8	1.1	6.3	11.5
22	-2.2	2.6	7.3	-0.9	3.6	8.0	2.3	6.1	9.8	1.7	6.7	11.7	1.6	7.0	12.4
24	-1.3	3.5	8.2	0.2	4.5	8.9	3.1	6.8	10.5	2.1	7.2	12.3	1.9	7.5	13.2
26	-0.4	4.3	9.0	1.2	5.5	9.8	3.7	7.4	11.1	2.4	7.6	12.7	2.0	7.8	13.6
28	0.5	5.1	9.8	2.3	6.4	10.6	4.3	8.0	11.8	2.5	7.8	13.1	1.9	7.9	13.9
30	1.3	5.9	10.5	3.3	7.4	11.4	4.8	8.6	12.4	2.6	8.0	13.4	1.7	7.9	14.0
32	2.2	6.7	11.3	4.4	8.3	12.3	5.3	9.1	13.0	2.7	8.2	13.6	1.5	7.8	14.0
34	3.1	7.5	12.0	5.4	9.3	13.1	5.7	9.7	13.7	2.9	8.3	13.8	1.3	7.6	13.9
36	3.9	8.4	12.8	6.3	10.1	14.0	6.1	10.2	14.3	3.0	8.5	14.0	1.2	7.4	13.6
38	4.8	9.2	13.6	7.2	11.0	14.8	6.4	10.7	15.0	3.2	8.7	14.2	0.9	7.1	13.2
40	5.6	10.0	14.4	8.1	11.8	15.5	6.7	11.1	15.5	3.3	8.8	14.4	0.5	6.7	12.8
42	6.5	10.8	15.1	8.8	12.5	16.2	7.0	11.5	16.1	3.2	8.9	14.6	-0.2	6.0	12.3
44	7.3	11.6	15.8	9.4	13.1	16.9	7.1	11.8	16.5	2.9	8.8	14.7	-1.4	5.1	11.6
46	8.1	12.2	16.4	9.8	13.6	17.4	6.9	11.8	16.8	2.2	8.4	14.5	-3.4	3.6	10.7
48	8.7	12.8	16.9	9.9	13.8	17.6	6.3	11.5	16.7	0.9	7.3	13.8	-6.2	1.5	9.3
50	9.0	13.1	17.2	9.5	13.6	17.6	4.8	10.4	16.0	-1.5	5.4	12.4	-10.1	-1.5	7.0
52	8.9	13.1	17.3	8.4	12.8	17.2	2.1	8.4	14.6	-5.5	2.2	10.0	-14.8	-5.6	3.5
54	7.9	12.6	17.2	5.9	11.0	16.2	-2.2	4.9	12.1	-11.3	-2.5	6.2	-20.0	-10.6	-1.3
56	5.8	11.4	17.0	1.8	8.1	14.3	-8.6	-0.2	8.1	-18.4	-8.7	0.9	-24.8	-15.8	-6.7
58	2.7	9.5	16.4	-4.2	3.6	11.3	-16.2	-6.9	2.4	-25.2	-15.3	-5.3	-28.5	-19.9	-11.2
60	-1.1	7.0	15.1	-11.2	-2.3	6.6	-23.3	-13.8	-4.3	-29.8	-20.2	-10.7	-30.3	-21.9	-13.4
62	-5.1	3.9	12.9	-17.5	-8.2	1.0	-27.6	-18.5	-9.5	-30.9	-22.0	-13.2	-30.0	-21.5	-13.0
64	-9.0	0.6	10.3	-21.3	-12.4	-3.6	-28.6	-19.8	-10.9	-29.2	-20.8	-12.4	-27.8	-19.3	-10.7
66	-12.1	-2.1	7.8	-22.2	-13.6	-4.9	-26.7	-18.0	-9.3	-25.8	-17.8	-9.8	-24.5	-16.1	-7.7
68	-13.9	-3.8	6.2	-20.6	-12.0	-3.4	-22.9	-14.7	-6.5	-21.8	-14.2	-6.6	-20.6	-12.6	-4.5
70	-14.2	-4.3	5.7	-17.1	-8.9	-0.8	-18.7	-11.2	-3.7	-17.8	-10.6	-3.5	-16.8	-9.1	-1.4
72	-13.5	-3.6	6.3	-12.9	-5.6	1.8	-14.7	-7.9	-1.1	-14.2	-7.4	-0.6	-13.1	-5.8	1.4
74	-12.0	-2.2	7.7	-9.0	-2.5	4.0	-11.1	-4.9	1.3	-11.1	-4.6	2.0	-9.7	-2.9	3.8
76	-10.2	-0.5	9.2	-5.7	0.0	5.8	-8.1	-2.4	3.4	-8.4	-2.2	4.1	-6.9	-0.6	5.8
78	-7.9	1.3	10.5	-3.3	1.9	7.1	-5.6	-0.3	4.9	-6.4	-0.3	5.7	-4.7	1.2	7.1
80	-5.4	2.9	11.2	-1.5	3.2	7.9	-3.7	1.1	6.0	-4.8	1.0	6.8	-3.0	2.5	8.0
82	-3.2	4.2	11.5	-0.5	3.8	8.1	-2.4	2.1	6.6	-3.8	1.8	7.5	-1.9	3.3	8.5
84	-1.6	4.8	11.2	-0.3	3.8	7.9	-1.7	2.5	6.7	-3.4	2.2	7.7	-1.3	3.6	8.5
86	-0.9	4.8	10.6	-0.9	3.2	7.3	-1.7	2.4	6.4	-3.5	2.0	7.5	-1.4	3.3	8.1
88	-1.8	4.0	9.9	-2.2	2.1	6.4	-2.4	1.8	5.9	-4.1	1.5	7.1	-2.2	2.7	7.5
90	-3.5	2.7	8.8	-3.8	0.9	5.6	-3.4	1.0	5.4	-5.2	0.6	6.5	-3.6	1.7	7.0
92	-5.5	1.1	7.7	-5.4	-0.3	4.9	-4.6	0.1	4.8	-6.6	-0.3	6.0	-5.4	0.6	6.6
94	-7.3	-0.3	6.8	-6.6	-1.1	4.3	-5.7	-0.6	4.5	-7.9	-1.1	5.7	-7.2	-0.5	6.2
96	-8.7	-1.3	6.2	-7.2	-1.6	4.0	-6.4	-1.1	4.3	-9.0	-1.8	5.4	-8.8	-1.5	5.8
98	-9.7	-1.9	5.9	-7.4	-1.8	3.8	-7.0	-1.4	4.1	-9.9	-2.5	5.0	-10.2	-2.6	5.1
100	-10.5	-2.8	4.8	-8.1	-2.6	3.0	-7.8	-2.3	3.1	-10.8	-3.6	3.6	-11.3	-4.0	3.4
