0	-15.3	-6.8	1.7	-15.3	-8.1	-0.8	-14.7	-8.2	-1.8	-14.1	-7.5	-0.9	-14.5	-7.4	-0.3
2	-14.7	-6.2	2.3	-14.7	-7.5	-0.3	-13.8	-7.4	-1.1	-13.1	-6.7	-0.3	-13.6	-6.5	0.6
4	-14.2	-5.7	2.8	-13.9	-6.6	0.7	-12.6	-6.3	0.1	-11.9	-5.7	0.6	-12.7	-5.6	1.4
6	-13.8	-5.3	3.2	-13.2	-5.8	1.6	-11.5	-5.2	1.2	-10.8	-4.7	1.4	-11.9	-4.9	2.1
8	-13.7	-5.1	3.4	-12.7	-5.3	2.1	-11.0	-4.6	1.9	-10.3	-4.2	1.9	-11.5	-4.5	2.5
10	-13.5	-4.9	3.6	-12.5	-5.1	2.3	-10.9	-4.4	2.1	-10.2	-4.1	2.1	-11.5	-4.4	2.6
12	-13.4	-4.9	3.6	-12.5	-5.1	2.3	-11.0	-4.4	2.1	-10.3	-4.1	2.1	-11.5	-4.5	2.6
14	-13.4	-4.8	3.7	-12.5	-5.1	2.4	-11.2	-4.5	2.1	-10.5	-4.2	2.0	-11.7	-4.5	2.6
16	-13.4	-4.8	3.7	-12.7	-5.2	2.3	-11.3	-4.6	2.1	-10.7	-4.3	2.0	-11.8	-4.6	2.6
18	-13.5	-4.9	3.7	-12.8	-5.3	2.3	-11.4	-4.7	2.1	-10.8	-4.4	2.0	-11.9	-4.6	2.7
20	-13.6	-4.9	3.7	-13.0	-5.4	2.1	-11.6	-4.8	2.0	-10.9	-4.5	2.0	-12.0	-4.6	2.8
22	-13.7	-5.0	3.7	-13.2	-5.6	2.0	-11.8	-4.9	1.9	-11.1	-4.6	1.9	-12.1	-4.6	2.9
24	-13.8	-5.1	3.6	-13.4	-5.8	1.8	-12.0	-5.1	1.7	-11.3	-4.7	1.8	-12.3	-4.7	2.9
26	-14.0	-5.2	3.6	-13.7	-6.0	1.6	-12.2	-5.4	1.5	-11.6	-4.9	1.7	-12.5	-4.8	2.9
28	-14.2	-5.4	3.4	-13.9	-6.3	1.4	-12.5	-5.6	1.3	-11.9	-5.3	1.4	-12.8	-5.0	2.8
30	-14.4	-5.6	3.3	-14.2	-6.5	1.2	-12.9	-5.9	1.0	-12.4	-5.7	1.0	-13.2	-5.3	2.5
32	-14.6	-5.7	3.2	-14.5	-6.8	0.9	-13.2	-6.3	0.7	-12.9	-6.2	0.6	-13.7	-5.8	2.2
34	-14.8	-5.9	3.0	-14.8	-7.0	0.7	-13.7	-6.7	0.3	-13.6	-6.7	0.1	-14.3	-6.3	1.8
36	-15.0	-6.1	2.9	-15.1	-7.3	0.5	-14.1	-7.1	0.0	-14.2	-7.3	-0.4	-14.9	-6.8	1.3
38	-15.3	-6.3	2.7	-15.3	-7.5	0.3	-14.5	-7.4	-0.4	-14.8	-7.8	-0.8	-15.4	-7.3	0.8
40	-15.5	-6.4	2.6	-15.6	-7.8	0.1	-14.8	-7.7	-0.6	-15.3	-8.2	-1.1	-15.8	-7.7	0.5
42	-15.7	-6.6	2.5	-15.9	-8.0	-0.1	-15.1	-7.9	-0.8	-15.5	-8.4	-1.2	-16.1	-7.9	0.3
44	-15.9	-6.8	2.3	-16.1	-8.1	-0.2	-15.1	-7.9	-0.7	-15.5	-8.3	-1.0	-16.1	-7.9	0.4
46	-16.1	-6.9	2.2	-16.2	-8.1	-0.1	-14.8	-7.6	-0.4	-15.1	-7.8	-0.5	-16.0	-7.6	0.7
48	-16.3	-7.0	2.2	-16.2	-8.0	0.1	-14.4	-7.1	0.2	-14.4	-7.1	0.3	-15.6	-7.2	1.3
50	-16.4	-7.1	2.2	-16.0	-7.8	0.4	-13.7	-6.4	0.9	-13.5	-6.1	1.3	-15.0	-6.4	2.1
52	-16.4	-7.1	2.2	-15.7	-7.4	0.9	-12.9	-5.6	1.8	-12.3	-4.9	2.5	-14.3	-5.6	3.1
54	-16.3	-7.0	2.4	-15.3	-6.9	1.5	-12.0	-4.6	2.8	-11.0	-3.5	3.9	-13.3	-4.6	4.1
56	-16.2	-6.7	2.7	-14.7	-6.2	2.3	-11.0	-3.5	4.0	-9.7	-2.2	5.4	-12.5	-3.9	4.7
58	-16.0	-6.4	3.2	-14.0	-5.3	3.3	-10.0	-2.4	5.2	-8.8	-1.1	6.6	-12.0	-3.5	4.9
60	-15.8	-6.0	3.7	-13.3	-4.5	4.4	-9.4	-1.5	6.3	-8.5	-0.7	7.1	-12.1	-3.8	4.4
62	-15.6	-5.7	4.3	-13.0	-3.9	5.2	-9.7	-1.5	6.7	-9.3	-1.4	6.6	-12.9	-4.7	3.6
64	-15.7	-5.5	4.7	-13.4	-4.0	5.4	-11.3	-2.6	6.2	-11.0	-2.9	5.3	-14.4	-5.9	2.6
66	-16.5	-5.7	5.0	-14.9	-5.2	4.4	-13.7	-4.5	4.7	-13.3	-4.8	3.6	-16.1	-7.2	1.7
68	-18.0	-6.5	5.0	-16.9	-7.2	2.4	-16.0	-6.7	2.7	-15.5	-6.8	1.9	-17.9	-8.6	0.8
70	-19.8	-7.8	4.2	-18.8	-9.5	-0.1	-17.9	-8.6	0.6	-17.3	-8.5	0.3	-19.4	-9.8	-0.3
72	-21.8	-9.4	3.0	-20.4	-11.5	-2.5	-19.1	-10.2	-1.3	-18.6	-9.9	-1.2	-20.6	-11.0	-1.4
74	-23.6	-11.1	1.4	-21.5	-13.0	-4.5	-19.9	-11.4	-3.0	-19.5	-11.1	-2.7	-21.6	-12.2	-2.7
76	-24.9	-12.6	-0.3	-22.3	-14.1	-5.8	-20.4	-12.4	-4.4	-20.0	-12.0	-4.1	-22.4	-13.2	-4.0
78	-25.6	-13.8	-1.9	-22.8	-14.8	-6.8	-20.7	-13.2	-5.7	-20.3	-12.8	-5.3	-23.0	-14.1	-5.2
80	-25.9	-14.6	-3.2	-23.0	-15.1	-7.2	-21.0	-13.8	-6.6	-20.4	-13.4	-6.3	-23.4	-14.7	-6.0
82	-25.6	-14.8	-4.0	-22.9	-15.1	-7.2	-21.1	-14.2	-7.3	-20.5	-13.7	-6.8	-23.5	-15.0	-6.6
84	-24.8	-14.4	-4.1	-22.4	-14.5	-6.6	-20.9	-14.1	-7.4	-20.4	-13.6	-6.9	-23.2	-14.9	-6.6
86	-23.4	-13.6	-3.8	-21.3	-13.4	-5.5	-20.4	-13.7	-7.0	-20.0	-13.2	-6.4	-22.4	-14.3	-6.2
88	-21.8	-12.4	-3.1	-20.0	-12.1	-4.3	-19.7	-12.9	-6.1	-19.3	-12.4	-5.5	-21.2	-13.3	-5.3
90	-19.9	-11.1	-2.2	-18.6	-10.8	-3.0	-18.7	-11.9	-5.0	-18.4	-11.4	-4.4	-19.7	-11.9	-4.1
92	-18.3	-9.8	-1.3	-17.4	-9.7	-2.0	-17.8	-10.8	-3.8	-17.4	-10.3	-3.2	-18.1	-10.5	-2.9
94	-17.1	-8.9	-0.6	-16.6	-9.0	-1.4	-16.9	-9.9	-3.0	-16.4	-9.4	-2.3	-16.6	-9.2	-1.8
96	-16.4	-8.2	0.0	-16.2	-8.7	-1.1	-16.2	-9.3	-2.5	-15.6	-8.6	-1.7	-15.5	-8.2	-1.0
98	-15.9	-7.7	0.5	-15.9	-8.5	-1.0	-15.6	-8.9	-2.2	-14.9	-8.1	-1.3	-14.6	-7.4	-0.3
100	-15.4	-7.1	1.1	-15.4	-8.1	-0.8	-15.0	-8.4	-1.8	-14.1	-7.4	-0.8	-13.9	-6.7	0.4
