0	-11.5	-2.1	7.2	-12.5	-3.3	5.9	-11.7	-2.7	6.3	-12.7	-3.7	5.4	-15.4	-5.2	4.9
2	-11.5	-2.0	7.5	-12.3	-3.1	6.0	-11.5	-2.6	6.4	-12.7	-3.7	5.3	-15.3	-5.3	4.6
4	-11.3	-1.7	7.9	-11.8	-2.6	6.5	-11.2	-2.2	6.9	-12.5	-3.5	5.5	-15.1	-5.3	4.5
6	-10.8	-1.2	8.5	-10.8	-1.5	7.8	-10.4	-1.2	8.0	-11.8	-2.9	6.0	-14.7	-5.1	4.6
8	-10.6	-1.0	8.6	-9.8	-0.4	9.1	-9.3	0.1	9.4	-11.0	-2.0	7.0	-14.3	-4.6	5.1
10	-10.9	-1.2	8.4	-9.8	-0.2	9.5	-8.8	0.8	10.4	-10.6	-1.3	7.9	-14.0	-4.2	5.6
12	-11.2	-1.5	8.1	-10.6	-0.8	9.0	-9.1	0.7	10.4	-10.6	-1.1	8.4	-13.7	-3.8	6.1
14	-11.5	-1.8	7.9	-11.2	-1.4	8.4	-9.7	0.2	10.1	-10.7	-1.1	8.4	-13.5	-3.5	6.5
16	-11.8	-2.0	7.8	-11.5	-1.7	8.1	-10.1	-0.1	9.8	-10.6	-1.1	8.4	-13.2	-3.2	6.8
18	-12.0	-2.1	7.8	-11.6	-1.8	8.0	-10.2	-0.3	9.6	-10.5	-1.0	8.5	-12.8	-2.9	7.1
20	-12.1	-2.2	7.8	-11.7	-1.9	7.9	-10.3	-0.5	9.4	-10.4	-0.9	8.6	-12.5	-2.5	7.5
22	-12.3	-2.4	7.6	-12.1	-2.3	7.6	-10.6	-0.7	9.1	-10.5	-0.9	8.6	-12.3	-2.2	7.8
24	-12.6	-2.6	7.4	-12.5	-2.7	7.2	-10.9	-1.0	8.8	-10.7	-1.1	8.5	-12.1	-2.0	8.0
26	-12.8	-2.8	7.2	-12.9	-3.0	6.9	-11.1	-1.3	8.6	-10.8	-1.2	8.4	-11.8	-1.8	8.2
28	-13.0	-3.0	7.0	-13.2	-3.3	6.7	-11.2	-1.4	8.4	-10.9	-1.2	8.4	-11.5	-1.6	8.4
30	-13.2	-3.1	6.9	-13.3	-3.4	6.6	-11.1	-1.4	8.3	-10.9	-1.2	8.5	-11.1	-1.3	8.6
32	-13.2	-3.2	6.9	-13.4	-3.4	6.7	-11.1	-1.4	8.2	-10.9	-1.2	8.6	-10.8	-1.1	8.7
34	-13.3	-3.2	6.9	-13.4	-3.3	6.7	-11.1	-1.5	8.1	-11.0	-1.2	8.6	-10.7	-0.9	8.8
36	-13.3	-3.2	6.9	-13.3	-3.3	6.8	-11.1	-1.5	8.1	-11.2	-1.3	8.5	-10.7	-1.0	8.8
38	-13.3	-3.1	7.0	-13.3	-3.2	6.9	-11.2	-1.6	8.0	-11.4	-1.5	8.4	-10.9	-1.1	8.7
40	-13.2	-3.0	7.2	-13.3	-3.2	6.9	-11.3	-1.7	7.9	-11.7	-1.7	8.2	-11.3	-1.5	8.4
42	-13.1	-2.9	7.3	-13.3	-3.2	6.9	-11.4	-1.9	7.7	-12.1	-2.1	7.9	-11.9	-2.0	7.9
44	-13.0	-2.7	7.5	-13.3	-3.2	6.9	-11.6	-2.1	7.5	-12.5	-2.5	7.5	-12.5	-2.6	7.2
46	-12.9	-2.6	7.6	-13.3	-3.3	6.8	-11.9	-2.3	7.2	-13.0	-3.0	6.9	-13.2	-3.4	6.4
48	-12.8	-2.5	7.8	-13.4	-3.4	6.6	-12.2	-2.6	6.9	-13.5	-3.6	6.3	-13.9	-4.2	5.5
50	-12.7	-2.5	7.8	-13.5	-3.6	6.4	-12.5	-3.0	6.5	-14.0	-4.2	5.7	-14.5	-5.0	4.5
52	-12.8	-2.5	7.8	-13.7	-3.8	6.0	-12.9	-3.5	6.0	-14.6	-4.8	5.1	-15.2	-5.8	3.7
54	-12.8	-2.5	7.7	-13.9	-4.1	5.7	-13.4	-4.0	5.5	-15.2	-5.4	4.5	-15.7	-6.4	3.0
56	-12.9	-2.6	7.6	-14.1	-4.4	5.3	-13.9	-4.5	5.0	-15.7	-5.9	4.0	-16.1	-6.8	2.5
58	-13.0	-2.8	7.3	-14.2	-4.6	5.0	-14.3	-4.8	4.6	-16.1	-6.2	3.7	-16.2	-6.9	2.4
60	-13.1	-3.1	7.0	-14.3	-4.8	4.7	-14.6	-5.1	4.3	-16.1	-6.3	3.6	-15.9	-6.7	2.6
62	-13.3	-3.4	6.5	-14.5	-5.1	4.2	-14.7	-5.3	4.1	-16.0	-6.2	3.6	-15.2	-6.1	3.1
64	-13.5	-3.7	6.1	-14.6	-5.4	3.8	-14.6	-5.3	4.0	-15.5	-5.9	3.8	-14.2	-5.2	3.7
66	-13.5	-3.8	5.9	-14.5	-5.4	3.8	-14.2	-4.9	4.3	-14.9	-5.4	4.2	-13.2	-4.4	4.4
68	-13.4	-3.8	5.8	-14.2	-4.9	4.4	-13.5	-4.2	5.1	-14.3	-4.8	4.8	-12.4	-3.7	5.1
70	-13.2	-3.7	5.9	-13.6	-4.1	5.4	-12.8	-3.2	6.3	-13.7	-4.1	5.6	-11.9	-3.1	5.6
72	-12.8	-3.3	6.2	-12.6	-3.0	6.6	-11.9	-2.2	7.6	-13.2	-3.3	6.5	-11.6	-2.7	6.1
74	-12.2	-2.7	6.8	-11.5	-1.8	7.8	-11.1	-1.2	8.8	-12.6	-2.5	7.6	-11.5	-2.4	6.7
76	-11.5	-2.0	7.5	-10.4	-0.8	8.8	-10.3	-0.2	9.8	-12.0	-1.6	8.8	-11.4	-2.1	7.3
78	-10.8	-1.3	8.2	-9.5	0.0	9.5	-9.6	0.5	10.7	-11.4	-0.8	9.8	-11.4	-1.7	7.9
80	-10.1	-0.7	8.8	-9.0	0.4	9.8	-9.0	1.1	11.1	-10.7	0.0	10.6	-11.4	-1.4	8.5
82	-9.7	-0.2	9.2	-8.8	0.4	9.7	-8.7	1.2	11.1	-10.1	0.4	10.9	-11.3	-1.3	8.8
84	-9.5	-0.1	9.3	-9.1	0.0	9.1	-8.7	0.9	10.5	-9.7	0.4	10.5	-11.4	-1.3	8.8
86	-9.7	-0.3	9.2	-9.8	-0.8	8.3	-9.3	0.1	9.5	-9.9	-0.2	9.4	-11.6	-1.6	8.4
88	-10.1	-0.7	8.7	-10.8	-1.7	7.3	-10.2	-1.0	8.1	-10.5	-1.3	8.0	-12.0	-2.1	7.7
90	-10.6	-1.2	8.2	-11.8	-2.6	6.5	-11.2	-2.2	6.9	-11.5	-2.5	6.5	-12.6	-2.8	7.0
92	-11.0	-1.7	7.6	-12.6	-3.3	6.0	-12.0	-3.0	6.0	-12.3	-3.5	5.4	-13.3	-3.4	6.5
94	-11.3	-2.0	7.3	-13.1	-3.7	5.8	-12.3	-3.3	5.7	-12.8	-4.0	4.9	-13.9	-3.9	6.1
96	-11.4	-2.1	7.1	-13.1	-3.7	5.8	-12.2	-3.2	5.8	-12.9	-4.0	4.9	-14.3	-4.3	5.7
98	-11.4	-2.1	7.2	-12.8	-3.5	5.9	-12.0	-3.0	6.1	-12.8	-3.9	5.0	-14.5	-4.6	5.3
100	-11.4	-2.1	7.3	-12.4	-3.3	5.9	-11.8	-2.8	6.3	-12.7	-3.8	5.1	-14.6	-4.9	4.9
