0	-7.4	-0.2	7.1	-8.0	-0.7	6.6	-9.9	-2.1	5.7	-10.4	-2.5	5.3	-10.6	-3.6	3.4
2	-6.7	0.5	7.7	-7.2	0.0	7.2	-8.8	-1.2	6.4	-9.4	-1.7	6.1	-9.5	-2.7	4.1
4	-5.8	1.4	8.6	-5.9	1.3	8.5	-6.9	0.5	7.9	-7.5	0.1	7.8	-7.6	-1.1	5.3
6	-5.3	1.9	9.1	-5.0	2.2	9.4	-5.0	2.1	9.3	-5.5	2.0	9.6	-5.3	0.8	7.0
8	-4.8	2.3	9.4	-4.5	2.6	9.8	-4.2	3.0	10.2	-4.0	3.4	10.8	-3.4	2.6	8.6
10	-4.4	2.7	9.8	-4.2	3.0	10.2	-4.0	3.3	10.5	-3.4	4.0	11.4	-2.4	3.7	9.7
12	-4.1	3.0	10.1	-3.7	3.4	10.4	-3.9	3.3	10.5	-3.4	4.1	11.6	-2.0	4.1	10.3
14	-3.9	3.3	10.4	-3.4	3.6	10.6	-4.0	3.2	10.3	-3.7	3.7	11.2	-2.3	4.0	10.2
16	-3.7	3.5	10.7	-3.4	3.6	10.6	-4.1	3.0	10.1	-4.1	3.3	10.7	-2.8	3.4	9.6
18	-3.5	3.7	11.0	-3.3	3.7	10.7	-4.0	3.1	10.2	-4.3	3.1	10.5	-3.2	3.0	9.2
20	-3.4	3.9	11.2	-3.2	3.9	11.0	-3.6	3.5	10.5	-4.2	3.3	10.8	-3.3	2.9	9.1
22	-3.3	4.1	11.6	-3.0	4.2	11.4	-3.1	3.9	11.0	-3.8	3.7	11.3	-3.0	3.2	9.4
24	-3.1	4.4	11.9	-2.7	4.6	11.9	-2.8	4.3	11.5	-3.5	4.2	11.8	-2.5	3.7	9.9
26	-2.8	4.7	12.3	-2.3	5.0	12.3	-2.6	4.7	11.9	-3.3	4.5	12.2	-2.1	4.1	10.3
28	-2.5	5.0	12.6	-2.0	5.4	12.7	-2.4	4.9	12.3	-3.2	4.7	12.5	-1.9	4.4	10.6
30	-2.3	5.3	12.9	-1.7	5.6	13.0	-2.3	5.1	12.5	-3.1	4.8	12.6	-1.7	4.6	10.9
32	-2.1	5.5	13.1	-1.6	5.8	13.2	-2.1	5.3	12.7	-3.1	4.8	12.7	-1.6	4.7	11.0
34	-1.8	5.8	13.4	-1.5	6.0	13.4	-2.0	5.4	12.8	-3.0	4.9	12.8	-1.5	4.8	11.1
36	-1.6	6.0	13.6	-1.4	6.1	13.6	-1.8	5.5	12.8	-2.8	5.1	12.9	-1.3	5.0	11.4
38	-1.4	6.2	13.8	-1.3	6.2	13.8	-1.7	5.6	12.9	-2.5	5.3	13.2	-1.1	5.3	11.7
40	-1.2	6.4	14.1	-1.2	6.4	14.0	-1.5	5.8	13.1	-2.1	5.7	13.5	-0.7	5.7	12.2
42	-1.0	6.7	14.4	-1.0	6.6	14.2	-1.2	6.2	13.5	-1.4	6.3	14.1	-0.2	6.2	12.7
44	-0.7	7.0	14.8	-0.8	6.9	14.5	-0.7	6.7	14.0	-0.6	7.1	14.9	0.3	6.8	13.3
46	-0.4	7.4	15.1	-0.5	7.2	14.9	0.0	7.3	14.7	0.3	8.0	15.7	0.8	7.3	13.8
48	-0.1	7.7	15.4	-0.1	7.6	15.3	0.6	8.0	15.3	1.1	8.7	16.4	1.1	7.7	14.2
50	0.3	8.0	15.7	0.2	7.9	15.7	1.1	8.4	15.6	1.5	9.2	16.8	1.1	7.7	14.3
52	0.5	8.2	15.8	0.4	8.1	15.9	1.3	8.4	15.6	1.5	9.1	16.7	0.7	7.3	14.0
54	0.6	8.2	15.8	0.2	8.0	15.8	0.8	7.9	15.1	0.8	8.4	16.1	-0.1	6.6	13.2
56	0.4	8.0	15.6	-0.5	7.3	15.2	-0.3	6.8	14.0	-0.2	7.4	14.9	-0.9	5.7	12.3
58	0.0	7.6	15.2	-1.6	6.1	13.9	-1.8	5.4	12.6	-1.0	6.4	13.8	-1.5	5.0	11.6
60	-0.6	7.0	14.7	-2.8	4.8	12.5	-2.9	4.4	11.6	-1.4	6.1	13.5	-1.8	4.8	11.4
62	-1.2	6.5	14.1	-3.6	4.0	11.6	-3.0	4.4	11.8	-1.1	6.5	14.1	-1.8	5.0	11.7
64	-1.6	5.9	13.5	-3.7	4.0	11.6	-2.3	5.2	12.7	-0.4	7.3	15.0	-1.8	5.3	12.3
66	-2.1	5.4	12.9	-3.3	4.3	12.0	-1.6	5.9	13.5	-0.2	7.7	15.6	-1.8	5.5	12.8
68	-2.6	5.0	12.6	-3.3	4.4	12.2	-1.8	5.9	13.7	-0.4	7.5	15.5	-2.1	5.4	12.9
70	-3.2	4.6	12.5	-3.9	4.0	11.9	-2.7	5.3	13.2	-1.2	6.8	14.8	-2.6	5.0	12.6
72	-4.0	4.0	12.1	-4.9	3.2	11.2	-3.9	4.2	12.3	-2.3	5.7	13.7	-3.3	4.3	12.0
74	-5.0	3.2	11.4	-6.2	2.0	10.2	-5.2	3.0	11.2	-3.4	4.5	12.5	-4.2	3.4	11.1
76	-6.0	2.2	10.4	-7.4	0.7	8.9	-6.5	1.8	10.0	-4.6	3.2	11.1	-5.2	2.4	10.0
78	-7.1	1.2	9.4	-8.7	-0.5	7.6	-7.8	0.6	8.9	-5.9	1.9	9.7	-6.4	1.2	8.8
80	-8.0	0.3	8.5	-9.6	-1.5	6.6	-9.0	-0.6	7.8	-7.3	0.5	8.3	-7.7	-0.1	7.5
82	-8.5	-0.4	7.8	-10.1	-2.1	5.8	-9.9	-1.6	6.7	-8.7	-0.9	6.9	-9.0	-1.5	6.1
84	-8.6	-0.6	7.4	-10.0	-2.2	5.6	-10.5	-2.3	5.8	-9.8	-2.1	5.7	-10.1	-2.7	4.7
86	-8.3	-0.5	7.2	-9.4	-1.8	5.7	-10.5	-2.6	5.3	-10.6	-2.8	4.9	-10.9	-3.6	3.6
88	-7.8	-0.3	7.2	-8.4	-1.2	6.1	-10.0	-2.4	5.3	-10.7	-2.9	4.9	-11.4	-4.1	3.1
90	-7.2	0.1	7.3	-7.5	-0.5	6.5	-9.3	-1.8	5.6	-10.4	-2.6	5.3	-11.6	-4.2	3.2
92	-6.8	0.3	7.4	-7.1	-0.1	6.9	-8.8	-1.4	5.9	-10.1	-2.1	5.8	-11.7	-4.1	3.5
94	-6.8	0.2	7.3	-7.3	-0.1	7.2	-8.9	-1.5	6.0	-10.0	-2.0	6.0	-11.7	-4.1	3.4
96	-7.2	0.0	7.2	-7.9	-0.4	7.1	-9.5	-1.9	5.7	-10.3	-2.2	5.8	-11.6	-4.2	3.2
98	-7.5	-0.2	7.1	-8.3	-0.7	6.8	-10.0	-2.2	5.5	-10.5	-2.6	5.3	-11.5	-4.2	3.1
100	-7.4	-0.1	7.2	-8.2	-0.7	6.7	-9.8	-2.1	5.6	-10.3	-2.5	5.3	-11.1	-3.8	3.4
